==> gtj_align:
[
       array([[ 0.0316434 ,  0.00385259,  0.444     ],
       [-0.0514205 ,  0.0635678 ,  0.444     ],
       [-0.0832777 ,  0.0683055 ,  0.492     ],
       [-0.0940437 ,  0.0426041 ,  0.491     ]], dtype=float32), 
       array([[ 0.0300665,  0.       ,  0.45     ],
       [-0.0509929,  0.0588649,  0.424    ],
       [-0.0774603,  0.0591339,  0.47     ],
       [-0.0951929,  0.0409685,  0.497    ]], dtype=float32), 
       array([[ 0.0358393 ,  0.00193931,  0.447     ],
       [-0.0577456 ,  0.0662881 ,  0.463     ],
       [-0.0800616 ,  0.0615634 ,  0.473     ],
       [-0.0985826 ,  0.0458277 ,  0.503     ]], dtype=float32), 
       array([[ 0.0377725 ,  0.00919764,  0.424     ],
       [-0.0543781 ,  0.0662056 ,  0.436     ],
       [-0.0784492 ,  0.0660841 ,  0.476     ],
       [-0.0970147 ,  0.0472463 ,  0.495     ]], dtype=float32), 
       array([[ 0.0308015,  0.0100003,  0.461    ],
       [-0.0582578,  0.0665267,  0.451    ],
       [-0.0826897,  0.0660841,  0.476    ],
       [-0.0983867,  0.0479145,  0.502    ]], dtype=float32), 
       array([[ 0.0313583 ,  0.0114537 ,  0.44      ],
       [-0.0538793 ,  0.0599755 ,  0.432     ],
       [-0.08243129,  0.06549849,  0.487     ],
       [-0.0977987 ,  0.0476281 ,  0.499     ]], dtype=float32), 
       array([[ 0.0325699 ,  0.0118962 ,  0.457     ],
       [-0.0620039 ,  0.0704574 ,  0.464     ],
       [-0.0811262 ,  0.0688868 ,  0.467     ],
       [-0.09721521,  0.0462919 ,  0.485     ]], dtype=float32), 
       array([[ 0.0343783,  0.0118181,  0.454    ],
       [-0.0565786,  0.0646091,  0.438    ],
       [-0.0818211,  0.06539  ,  0.471    ],
       [-0.0968187,  0.0471509,  0.494    ]], dtype=float32), 
       array([[ 0.0317146,  0.0154451,  0.445    ],
       [-0.0590641,  0.0651991,  0.442    ],
       [-0.0775227,  0.0576241,  0.458    ],
       [-0.0991706,  0.0482963,  0.506    ]], dtype=float32), 
       array([[ 0.0317146,  0.0173757,  0.445    ],
       [-0.0610685,  0.0713771,  0.457    ],
       [-0.0833846,  0.0728869,  0.48     ],
       [-0.100222 ,  0.0564006,  0.5      ]], dtype=float32), 
       array([[ 0.0287971 ,  0.018699  ,  0.431     ],
       [-0.0591977 ,  0.07111251,  0.443     ],
       [-0.0814737 ,  0.0651123 ,  0.469     ],
       [-0.0990192 ,  0.0557238 ,  0.494     ]], dtype=float32), 
       array([[ 0.0315721,  0.0249855,  0.443    ],
       [-0.0594204,  0.0738414,  0.46     ],
       [-0.0890861,  0.0824316,  0.5      ],
       [-0.0985826,  0.056739 ,  0.503    ]], dtype=float32), 
       array([[ 0.0354384,  0.0268467,  0.442    ],
       [-0.0620039,  0.0845488,  0.464    ],
       [-0.0837854,  0.0816073,  0.495    ],
       [-0.0989746,  0.0569646,  0.505    ]], dtype=float32), 
       array([[ 0.035287  ,  0.0283044 ,  0.466     ],
       [-0.0608413 ,  0.0837809 ,  0.471     ],
       [-0.08199479,  0.07986329,  0.472     ],
       [-0.0956428 ,  0.0592814 ,  0.488     ]], dtype=float32), 
       array([[ 0.0318572 ,  0.0290897 ,  0.447     ],
       [-0.0609705 ,  0.0880544 ,  0.472     ],
       [-0.0807387 ,  0.08070929,  0.477     ],
       [-0.0962308 ,  0.0596458 ,  0.491     ]], dtype=float32), 
       array([[ 0.0355142 ,  0.0305214 ,  0.469     ],
       [-0.0590641 ,  0.08245771,  0.442     ],
       [-0.0862353 ,  0.0881932 ,  0.484     ],
       [-0.0948098 ,  0.0622793 ,  0.495     ]], dtype=float32), 
       array([[ 0.0306679 ,  0.031862  ,  0.459     ],
       [-0.0651754 ,  0.09214991,  0.472     ],
       [-0.0844269 ,  0.08644909,  0.486     ],
       [-0.0946183 ,  0.0642967 ,  0.494     ]], dtype=float32), 
       array([[ 0.0298661,  0.0349076,  0.447    ],
       [-0.0590329,  0.0892214,  0.457    ],
       [-0.081585 ,  0.0878287,  0.482    ],
       [-0.0951929,  0.0668434,  0.497    ]], dtype=float32), 
       array([[ 0.0326411 ,  0.0417278 ,  0.458     ],
       [-0.0612021 ,  0.0914037 ,  0.458     ],
       [-0.07836901,  0.0803492 ,  0.463     ],
       [-0.0953845 ,  0.0626567 ,  0.498     ]], dtype=float32), 
       array([[ 0.0333182 ,  0.0458146 ,  0.44      ],
       [-0.061309  ,  0.0886097 ,  0.444     ],
       [-0.0812465 ,  0.0853818 ,  0.48      ],
       [-0.0952241 ,  0.06404071,  0.509     ]], dtype=float32), 
       array([[ 0.0317146 ,  0.0482659 ,  0.445     ],
       [-0.0635184 ,  0.09579419,  0.46      ],
       [-0.0814158 ,  0.0897334 ,  0.481     ],
       [-0.0969078 ,  0.0674204 ,  0.518     ]], dtype=float32), 
       array([[ 0.0307881,  0.0506044,  0.432    ],
       [-0.0604538,  0.0994907,  0.468    ],
       [-0.081585 ,  0.0899199,  0.482    ],
       [-0.0944758,  0.0766831,  0.505    ]], dtype=float32), 
       array([[ 0.0324273 ,  0.0513245 ,  0.455     ],
       [-0.0583692 ,  0.0954298 ,  0.468     ],
       [-0.074565  ,  0.08473101,  0.465     ],
       [-0.0946629 ,  0.0790303 ,  0.506     ]], dtype=float32), 
       array([[ 0.0353583,  0.0573985,  0.441    ],
       [-0.0601955,  0.0990655,  0.466    ],
       [-0.0814158,  0.093907 ,  0.481    ],
       [-0.0941016,  0.0829262,  0.503    ]], dtype=float32), 
       array([[ 0.0365609 ,  0.0593508 ,  0.456     ],
       [-0.0584939 ,  0.0997032 ,  0.469     ],
       [-0.0797677 ,  0.102892  ,  0.484     ],
       [-0.0935047 ,  0.08663131,  0.512     ]], dtype=float32), 
       array([[ 0.0332113,  0.0626741,  0.466    ],
       [-0.0603246,  0.105356 ,  0.467    ],
       [-0.0760082,  0.0904839,  0.474    ],
       [-0.0952241,  0.0861237,  0.509    ]], dtype=float32), 
       array([[ 0.0360799,  0.0644268,  0.45     ],
       [-0.0561242,  0.0995687,  0.45     ],
       [-0.073741 ,  0.090293 ,  0.473    ],
       [-0.0896206,  0.0851085,  0.503    ]], dtype=float32), 
       array([[ 0.0392691,  0.0724704,  0.464    ],
       [-0.0562846,  0.113704 ,  0.468    ],
       [-0.0714827,  0.0941977,  0.472    ],
       [-0.0868322,  0.0890262,  0.513    ]], dtype=float32), 
       array([[ 0.0368015,  0.0716895,  0.459    ],
       [-0.0562846,  0.113704 ,  0.468    ],
       [-0.0771708,  0.109526 ,  0.495    ],
       [-0.0814158,  0.0814425,  0.494    ]], dtype=float32), 
       array([[ 0.0369618,  0.0720019,  0.461    ],
       [-0.0554739,  0.118454 ,  0.479    ],
       [-0.0737544,  0.107756 ,  0.487    ],
       [-0.0846318,  0.0889394,  0.5      ]], dtype=float32), 
       array([[ 0.0394384,  0.0768263,  0.466    ],
       [-0.0550106,  0.115404 ,  0.475    ],
       [-0.0724671,  0.109083 ,  0.493    ],
       [-0.0864937,  0.101981 ,  0.511    ]], dtype=float32), 
       array([[ 0.0351979,  0.0761842,  0.439    ],
       [-0.0538525,  0.11701  ,  0.465    ],
       [-0.0707254,  0.10333  ,  0.467    ],
       [-0.0893711,  0.0985015,  0.528    ]], dtype=float32), 
       array([[ 0.0352781,  0.0763577,  0.44     ],
       [-0.0526721,  0.123127 ,  0.473    ],
       [-0.0710283,  0.109877 ,  0.469    ],
       [-0.0824224,  0.0958897,  0.514    ]], dtype=float32), 

       array([[ 0.0362402,  0.0804012,  0.452    ],
       [-0.0511131,  0.113508 ,  0.459    ],
       [-0.068133 ,  0.107838 ,  0.478    ],
       [-0.0883556,  0.11097  ,  0.522    ],
       [-0.0903333,  0.0789608,  0.52     ]], dtype=float32), 
       array([[ 0.0396923 ,  0.0854599 ,  0.469     ],
       [-0.050445  ,  0.11792099,  0.453     ],
       [-0.073349  ,  0.1234    ,  0.499     ],
       [-0.0892019 ,  0.109747  ,  0.527     ]], dtype=float32), 

       array([[ 0.0413448,  0.0843753,  0.442    ],
       [-0.0540841,  0.127643 ,  0.467    ],
       [-0.0748145,  0.117877 ,  0.494    ],
       [-0.0873801,  0.109113 ,  0.503    ],
       [-0.0895404,  0.0826225,  0.529    ]], dtype=float32), 
       array([[ 0.0358393 ,  0.0833905 ,  0.447     ],
       [-0.0493893 ,  0.122268  ,  0.462     ],
       [-0.0691308 ,  0.113626  ,  0.485     ],
       [-0.0842175 ,  0.10863201,  0.511     ],
       [-0.0914023 ,  0.0866834 ,  0.54      ]], dtype=float32), 
       array([[ 0.0364807,  0.0868569,  0.455    ],
       [-0.0522267,  0.126155 ,  0.469    ],
       [-0.0711441,  0.12389  ,  0.484    ],
       [-0.0854692,  0.115621 ,  0.533    ],
       [-0.0906807,  0.0860586,  0.522    ]], dtype=float32), 
       array([[ 0.0385075,  0.0888309,  0.455    ],
       [-0.0539683,  0.12737  ,  0.466    ],
       [-0.0708412,  0.120749 ,  0.497    ],
       [-0.0835583,  0.109981 ,  0.507    ],
       [-0.0898789,  0.0852387,  0.531    ]], dtype=float32), 
       array([[ 0.0368816 ,  0.0898071 ,  0.46      ],
       [-0.0545474 ,  0.13078   ,  0.471     ],
       [-0.0668502 ,  0.11598101,  0.469     ],
       [-0.0830639 ,  0.10933   ,  0.504     ],
       [-0.0946762 ,  0.0898505 ,  0.545     ]], dtype=float32), 
       array([[ 0.0423738 ,  0.0923712 ,  0.453     ],
       [-0.0530062 ,  0.132168  ,  0.476     ],
       [-0.0751129 ,  0.135236  ,  0.511     ],
       [-0.0908945 ,  0.12114801,  0.537     ],
       [-0.0900482 ,  0.0900154 ,  0.532     ]], dtype=float32), 
       array([[ 0.0368015 ,  0.0935946 ,  0.459     ],
       [-0.054779  ,  0.12928301,  0.473     ],
       [-0.07542031,  0.12963499,  0.498     ],
       [-0.0858656 ,  0.113018  ,  0.521     ],
       [-0.0888633 ,  0.0865532 ,  0.525     ]], dtype=float32), 
       array([[ 0.0380843 ,  0.0937118 ,  0.45      ],
       [-0.0552423 ,  0.13037601,  0.477     ],
       [-0.0709838 ,  0.120992  ,  0.498     ],
       [-0.0892019 ,  0.116606  ,  0.527     ],
       [-0.0888633 ,  0.0842755 ,  0.525     ]], dtype=float32), 
       array([[ 0.03616   ,  0.09392   ,  0.451     ],
       [-0.0525786 ,  0.12408999,  0.454     ],
       [-0.07208841,  0.121843  ,  0.476     ],
       [-0.0918967 ,  0.119344  ,  0.529     ],
       [-0.091233  ,  0.08886129,  0.539     ]], dtype=float32), 
       array([[ 0.0339997 ,  0.0954515 ,  0.449     ],
       [-0.052347  ,  0.121582  ,  0.452     ],
       [-0.0711441 ,  0.121791  ,  0.484     ],
       [-0.08700141,  0.11596   ,  0.514     ],
       [-0.0885248 ,  0.0884925 ,  0.523     ]], dtype=float32), 
       array([[ 0.0390152,  0.0980025,  0.461    ],
       [-0.0567656,  0.131058 ,  0.472    ],
       [-0.0695272,  0.119023 ,  0.473    ],
       [-0.0878478,  0.119339 ,  0.519    ],
       [-0.0924179,  0.0900154,  0.532    ]], dtype=float32), 
       array([[ 0.0364006,  0.0965144,  0.454    ],
       [-0.0553581,  0.132724 ,  0.478    ],
       [-0.0752688,  0.129374 ,  0.497    ],
       [-0.0871707,  0.11842  ,  0.515    ],
       [-0.0861551,  0.0839154,  0.509    ]], dtype=float32), 
       array([[ 0.0354384,  0.0939634,  0.442    ],
       [-0.0522312,  0.119357 ,  0.451    ],
       [-0.0691308,  0.117834 ,  0.485    ],
       [-0.0864937,  0.119717 ,  0.511    ],
       [-0.0857008,  0.0879849,  0.52     ]], dtype=float32), 
       array([[ 0.035679  ,  0.0946012 ,  0.445     ],
       [-0.0544316 ,  0.132541  ,  0.47      ],
       [-0.072761  ,  0.128854  ,  0.495     ],
       [-0.0866629 ,  0.11995099,  0.512     ],
       [-0.0931128 ,  0.0930176 ,  0.536     ]], dtype=float32), 
       array([[ 0.0408014 ,  0.10332599,  0.458     ],
       [-0.0557055 ,  0.14190401,  0.481     ],
       [-0.0696653 ,  0.12573001,  0.46      ],
       [-0.0897097 ,  0.124168  ,  0.53      ],
       [-0.0919101 ,  0.0918766 ,  0.543     ]], dtype=float32), 
       array([[ 0.0405342 ,  0.09870099,  0.455     ],
       [-0.0539683 ,  0.137479  ,  0.466     ],
       [-0.0715851 ,  0.124658  ,  0.487     ],
       [-0.084124  ,  0.116437  ,  0.497     ],
       [-0.09363391,  0.0958767 ,  0.539     ]], dtype=float32), 
       array([[ 0.0422802,  0.100011 ,  0.452    ],
       [-0.0518926,  0.129392 ,  0.466    ],
       [-0.0674203,  0.116971 ,  0.473    ],
       [-0.0801775,  0.112801 ,  0.5      ],
       [-0.0824714,  0.0872127,  0.529    ]], dtype=float32), 
       array([[ 0.0406232,  0.100896 ,  0.456    ],
       [-0.0508904,  0.130858 ,  0.457    ],
       [-0.0708412,  0.131531 ,  0.497    ],
       [-0.0808189,  0.11589  ,  0.504    ],
       [-0.079977 ,  0.0890262,  0.513    ]], dtype=float32), 
       array([[ 0.0400887 ,  0.0976164 ,  0.45      ],
       [-0.0539683 ,  0.1395    ,  0.466     ],
       [-0.0645429 ,  0.12782499,  0.483     ],
       [-0.0806585 ,  0.124389  ,  0.503     ],
       [-0.0866897 ,  0.0958463 ,  0.526     ]], dtype=float32), 
       array([[ 0.039287  ,  0.0994907 ,  0.441     ],
       [-0.0481065 ,  0.13275799,  0.45      ],
       [-0.0628057 ,  0.128463  ,  0.47      ],
       [-0.0833846 ,  0.124081  ,  0.52      ],
       [-0.0843467 ,  0.0935643 ,  0.526     ]], dtype=float32), 
       array([[ 0.0428415 ,  0.105313  ,  0.458     ],
       [-0.0439996 ,  0.128567  ,  0.449     ],
       [-0.0654783 ,  0.13393   ,  0.49      ],
       [-0.0792153 ,  0.12001999,  0.494     ],
       [-0.0853088 ,  0.0969396 ,  0.532     ]], dtype=float32), 
       array([[ 0.0431177 ,  0.10499199,  0.44      ],
       [-0.0468192 ,  0.132841  ,  0.457     ],
       [-0.0634738 ,  0.125708  ,  0.475     ],
       [-0.07320201,  0.114511  ,  0.498     ],
       [-0.0822354 ,  0.098944  ,  0.543     ]], dtype=float32), 
       array([[ 0.0479996 ,  0.107139  ,  0.449     ],
       [-0.0496031 ,  0.13688901,  0.464     ],
       [-0.0664181 ,  0.13147   ,  0.481     ],
       [-0.0796652 ,  0.121934  ,  0.511     ],
       [-0.0860571 ,  0.102979  ,  0.552     ]], dtype=float32), 
       array([[ 0.0479996,  0.109087 ,  0.449    ],
       [-0.0425609,  0.132259 ,  0.455    ],
       [-0.0660128,  0.137166 ,  0.494    ],
       [-0.0841863,  0.12983  ,  0.525    ],
       [-0.0818478,  0.0956641,  0.525    ]], dtype=float32), 
       array([[ 0.0485341 ,  0.108333  ,  0.454     ],
       [-0.0470241 ,  0.131431  ,  0.459     ],
       [-0.06752279,  0.140021  ,  0.489     ],
       [-0.0795093 ,  0.12612   ,  0.51      ],
       [-0.0837186 ,  0.10018   ,  0.537     ]], dtype=float32), 
       array([[ 0.0456922 ,  0.110294  ,  0.446     ],
       [-0.04971   ,  0.13718401,  0.465     ],
       [-0.06876551,  0.14043699,  0.498     ],
       [-0.078418  ,  0.124389  ,  0.503     ],
       [-0.0804447 ,  0.0917855 ,  0.516     ]], dtype=float32), 
       array([[ 0.0458971,  0.110788 ,  0.448    ],
       [-0.0449751,  0.131418 ,  0.439    ],
       [-0.0618703,  0.130567 ,  0.463    ],
       [-0.0773891,  0.126368 ,  0.511    ],
       [-0.0835449,  0.0971956,  0.521    ]], dtype=float32), 
       array([[ 0.0502223,  0.1174   ,  0.451    ],
       [-0.0467167,  0.136507 ,  0.456    ],
       [-0.0639326,  0.130567 ,  0.463    ],
       [-0.0801775,  0.121478 ,  0.5      ],
       [-0.0819414,  0.09533  ,  0.511    ]], dtype=float32), 
       array([[ 0.0466098 ,  0.111604  ,  0.436     ],
       [-0.0507791 ,  0.136507  ,  0.456     ],
       [-0.0658658 ,  0.13037601,  0.477     ],
       [-0.0780928 ,  0.116207  ,  0.487     ],
       [-0.0870193 ,  0.0985015 ,  0.528     ]], dtype=float32), 
       array([[ 0.0444896,  0.116211 ,  0.454    ],
       [-0.0480486,  0.132259 ,  0.469    ],
       [-0.064623 ,  0.129947 ,  0.468    ],
       [-0.079055 ,  0.121916 ,  0.493    ],
       [-0.0822621,  0.0934775,  0.513    ]], dtype=float32), 
       array([[ 0.0430197 ,  0.110467  ,  0.439     ],
       [-0.0470241 ,  0.129439  ,  0.459     ],
       [-0.06898829,  0.13439   ,  0.484     ],
       [-0.0771708 ,  0.120263  ,  0.495     ],
       [-0.084026  ,  0.0954819 ,  0.524     ]], dtype=float32), 
       array([[ 0.0437056 ,  0.116098  ,  0.446     ],
       [-0.0459595 ,  0.134294  ,  0.469     ],
       [-0.0668324 ,  0.13019   ,  0.484     ],
       [-0.0777944 ,  0.121235  ,  0.499     ],
       [-0.08129989,  0.0923842 ,  0.507     ]], dtype=float32), 
       array([[ 0.0443604 ,  0.110836  ,  0.433     ],
       [-0.0475363 ,  0.132862  ,  0.464     ],
       [-0.067848  ,  0.132168  ,  0.476     ],
       [-0.08169191,  0.127309  ,  0.524     ],
       [-0.0873489 ,  0.0965752 ,  0.53      ]], dtype=float32), 
       array([[ 0.0408771 ,  0.11375599,  0.437     ],
       [-0.0498169 ,  0.133435  ,  0.466     ],
       [-0.0673847 ,  0.1355    ,  0.488     ],
       [-0.0822398 ,  0.125565  ,  0.499     ],
       [-0.084026  ,  0.09775531,  0.524     ]], dtype=float32), 
       array([[ 0.0437056,  0.118033 ,  0.446    ],
       [-0.0488548,  0.132841 ,  0.457    ],
       [-0.0676609,  0.146685 ,  0.49     ],
       [-0.0796964,  0.122906 ,  0.497    ],
       [-0.0888633,  0.10022  ,  0.525    ]], dtype=float32), 
       array([[ 0.047229  ,  0.122003  ,  0.461     ],
       [-0.0432156 ,  0.124363  ,  0.441     ],
       [-0.0660039 ,  0.13479699,  0.478     ],
       [-0.0816207 ,  0.125873  ,  0.509     ],
       [-0.08158059,  0.0944927 ,  0.495     ]], dtype=float32), 
       array([[ 0.0452824,  0.122728 ,  0.442    ],
       [-0.0477412,  0.137479 ,  0.466    ],
       [-0.0655673,  0.131717 ,  0.46     ],
       [-0.0779325,  0.122294 ,  0.486    ],
       [-0.0873489,  0.101174 ,  0.53     ]], dtype=float32), 
       array([[ 0.0426277,  0.120784 ,  0.435    ],
       [-0.046102 ,  0.128854 ,  0.45     ],
       [-0.0649437,  0.134945 ,  0.486    ],
       [-0.0827342,  0.12632  ,  0.502    ],
       [-0.0790416,  0.0923842,  0.507    ]], dtype=float32), 
       array([[ 0.0407836 ,  0.121062  ,  0.436     ],
       [-0.0450775 ,  0.13371299,  0.46      ],
       [-0.0625384 ,  0.13400799,  0.468     ],
       [-0.0832242 ,  0.128346  ,  0.519     ],
       [-0.0819414 ,  0.099764  ,  0.511     ]], dtype=float32), 
       array([[ 0.0425297,  0.118623 ,  0.434    ],
       [-0.0451755,  0.128003 ,  0.461    ],
       [-0.0604538,  0.131977 ,  0.468    ],
       [-0.0800171,  0.125565 ,  0.499    ],
       [-0.0824224,  0.0958897,  0.514    ]], dtype=float32), 
       array([[ 0.0452824 ,  0.122728  ,  0.442     ],
       [-0.042935  ,  0.131431  ,  0.459     ],
       [-0.0620039 ,  0.137444  ,  0.48      ],
       [-0.0824224 ,  0.13157001,  0.514     ],
       [-0.0841863 ,  0.102497  ,  0.525     ]], dtype=float32), 
       array([[ 0.0465118 ,  0.12212   ,  0.454     ],
       [-0.0426544 ,  0.126615  ,  0.456     ],
       [-0.0630373 ,  0.137617  ,  0.488     ],
       [-0.0753    ,  0.121539  ,  0.483     ],
       [-0.0774826 ,  0.09487449,  0.497     ]], dtype=float32), 
       array([[ 0.0434027 ,  0.122797  ,  0.464     ],
       [-0.0414384 ,  0.123005  ,  0.443     ],
       [-0.0637411 ,  0.134515  ,  0.477     ],
       [-0.07239129,  0.118207  ,  0.478     ],
       [-0.0841863 ,  0.102497  ,  0.525     ]], dtype=float32), 
       array([[ 0.0442936 ,  0.11766   ,  0.452     ],
       [-0.0419996 ,  0.126619  ,  0.449     ],
       [-0.0669705 ,  0.138876  ,  0.485     ],
       [-0.07639129,  0.1233    ,  0.49      ],
       [-0.0782977 ,  0.0964494 ,  0.517     ]], dtype=float32), 
       array([[ 0.0445876 ,  0.118441  ,  0.455     ],
       [-0.0430286 ,  0.135709  ,  0.46      ],
       [-0.0647611 ,  0.134294  ,  0.469     ],
       [-0.0796964 ,  0.12721801,  0.497     ],
       [-0.0778434 ,  0.0958897 ,  0.514     ]], dtype=float32), 
       array([[ 0.0445876 ,  0.11646701,  0.455     ],
       [-0.0406232 ,  0.130572  ,  0.456     ],
       [-0.0634738 ,  0.140134  ,  0.475     ],
       [-0.0779503 ,  0.125817  ,  0.5       ],
       [-0.0835449 ,  0.101716  ,  0.521     ]], dtype=float32), 
       array([[ 0.0437056 ,  0.118033  ,  0.446     ],
       [-0.0419996 ,  0.126619  ,  0.449     ],
       [-0.0633402 ,  0.135726  ,  0.474     ],
       [-0.07953601,  0.122658  ,  0.496     ],
       [-0.0857899 ,  0.10444999,  0.535     ]], dtype=float32), 
       array([[ 0.0425609 ,  0.120415  ,  0.455     ],
       [-0.0437769 ,  0.138069  ,  0.468     ],
       [-0.067799  ,  0.14272399,  0.491     ],
       [-0.0803378 ,  0.126068  ,  0.501     ],
       [-0.07982109,  0.091074  ,  0.512     ]], dtype=float32), 
       array([[ 0.041719  ,  0.118033  ,  0.446     ],
       [-0.0421867 ,  0.12914   ,  0.451     ],
       [-0.0654515 ,  0.14189501,  0.474     ],
       [-0.0804982 ,  0.124142  ,  0.502     ],
       [-0.0821017 ,  0.09995919,  0.512     ]], dtype=float32), 
       array([[ 0.041719  ,  0.118033  ,  0.446     ],
       [-0.0426544 ,  0.128593  ,  0.456     ],
       [-0.0618703 ,  0.12855901,  0.463     ],
       [-0.07825319,  0.118563  ,  0.488     ],
       [-0.079977  ,  0.0934775 ,  0.513     ]], dtype=float32), 
       array([[ 0.0381288,  0.111413 ,  0.428    ],
       [-0.0430197,  0.125704 ,  0.439    ],
       [-0.0654515,  0.137782 ,  0.474    ],
       [-0.0788946,  0.121669 ,  0.492    ],
       [-0.0791975,  0.0947704,  0.508    ]], dtype=float32), 
       array([[ 0.0438704,  0.118016 ,  0.469    ],
       [-0.0419061,  0.124394 ,  0.448    ],
       [-0.0673491,  0.14213  ,  0.504    ],
       [-0.0808189,  0.118077 ,  0.504    ],
       [-0.0835627,  0.0999939,  0.536    ]], dtype=float32), 
       array([[ 0.0396433,  0.115838 ,  0.445    ],
       [-0.0464094,  0.123817 ,  0.453    ],
       [-0.0664226,  0.133435 ,  0.466    ],
       [-0.0816207,  0.121457 ,  0.509    ],
       [-0.0848768,  0.0938419,  0.515    ]], dtype=float32), 
       array([[ 0.0394651 ,  0.111474  ,  0.443     ],
       [-0.0424673 ,  0.12408999,  0.454     ],
       [-0.0688457 ,  0.132016  ,  0.483     ],
       [-0.0793757 ,  0.115968  ,  0.495     ],
       [-0.085536  ,  0.0945708 ,  0.519     ]], dtype=float32), 
       array([[ 0.0416255,  0.113908 ,  0.445    ],
       [-0.0441956,  0.125227 ,  0.451    ],
       [-0.0664226,  0.129392 ,  0.466    ],
       [-0.0816207,  0.121457 ,  0.509    ],
       [-0.0832242,  0.0923191,  0.519    ]], dtype=float32), 
       array([[ 0.037915  ,  0.110788  ,  0.448     ],
       [-0.0434116 ,  0.119161  ,  0.443     ],
       [-0.0677054 ,  0.13395101,  0.475     ],
       [-0.084801  ,  0.11954799,  0.501     ],
       [-0.0885248 ,  0.0952997 ,  0.523     ]], dtype=float32), 
       array([[ 0.037238  ,  0.106901  ,  0.44      ],
       [-0.0432157 ,  0.13028501,  0.462     ],
       [-0.064427  ,  0.121582  ,  0.452     ],
       [-0.0861551 ,  0.121457  ,  0.509     ],
       [-0.0822621 ,  0.0890262 ,  0.513     ]], dtype=float32), 
       array([[ 0.039287 ,  0.112884 ,  0.441    ],
       [-0.0494962,  0.122532 ,  0.463    ],
       [-0.0679103,  0.126277 ,  0.462    ],
       [-0.0822398,  0.121235 ,  0.499    ],
       [-0.0854781,  0.0898288,  0.505    ]], dtype=float32), 
       array([[ 0.035679  ,  0.106185  ,  0.445     ],
       [-0.0405965 ,  0.114858  ,  0.434     ],
       [-0.06936239,  0.125183  ,  0.458     ],
       [-0.0814158 ,  0.117877  ,  0.494     ],
       [-0.0861952 ,  0.09076159,  0.523     ]], dtype=float32), 
       array([[ 0.0408014 ,  0.109287  ,  0.458     ],
       [-0.0443916 ,  0.125782  ,  0.453     ],
       [-0.0664226 ,  0.12737   ,  0.466     ],
       [-0.0829391 ,  0.112671  ,  0.49      ],
       [-0.08129989,  0.0879849 ,  0.507     ]], dtype=float32), 
       array([[ 0.0390152,  0.108003 ,  0.461    ],
       [-0.0453849,  0.123005 ,  0.443    ],
       [-0.0689393,  0.12819  ,  0.469    ],
       [-0.08734  ,  0.11865  ,  0.516    ],
       [-0.08636  ,  0.0909351,  0.524    ]], dtype=float32), 
       array([[ 0.0409796 ,  0.103777  ,  0.46      ],
       [-0.0472512 ,  0.115057  ,  0.442     ],
       [-0.0664226 ,  0.123326  ,  0.466     ],
       [-0.0858166 ,  0.11437999,  0.507     ],
       [-0.0859859 ,  0.08595449,  0.508     ]], dtype=float32), 
       array([[ 0.0378438,  0.108532 ,  0.472    ],
       [-0.0453849,  0.115318 ,  0.443    ],
       [-0.0677633,  0.118003 ,  0.461    ],
       [-0.0859859,  0.114606 ,  0.508    ],
       [-0.0876785,  0.0853992,  0.518    ]], dtype=float32), 
       array([[ 0.0386767,  0.101118 ,  0.457    ],
       [-0.0472512,  0.109304 ,  0.442    ],
       [-0.0722399,  0.124168 ,  0.477    ],
       [-0.083732 ,  0.106649 ,  0.482    ],
       [-0.0879012,  0.0856161,  0.506    ]], dtype=float32), 
       array([[ 0.0362402,  0.109816 ,  0.452    ],
       [-0.0428237,  0.119443 ,  0.437    ],
       [-0.0711798,  0.122346 ,  0.47     ],
       [-0.0875538,  0.113704 ,  0.504    ],
       [-0.085536 ,  0.085564 ,  0.519    ]], dtype=float32), 
       array([[ 0.0401778 ,  0.107617  ,  0.451     ],
       [-0.0477412 ,  0.125348  ,  0.466     ],
       [-0.0708769 ,  0.12588601,  0.468     ],
       [-0.08872969,  0.114511  ,  0.498     ],
       [-0.0896206 ,  0.0829262 ,  0.503     ]], dtype=float32), 
       array([[ 0.0372023 ,  0.108706  ,  0.464     ],
       [-0.0445876 ,  0.120415  ,  0.455     ],
       [-0.0742087 ,  0.13010299,  0.476     ],
       [-0.0874825 ,  0.110771  ,  0.491     ],
       [-0.0906807 ,  0.0815292 ,  0.522     ]], dtype=float32), 
       array([[ 0.0343026 ,  0.09630191,  0.453     ],
       [-0.04518   ,  0.114797  ,  0.441     ],
       [-0.07280561,  0.125617  ,  0.467     ],
       [-0.0857008 ,  0.104341  ,  0.481     ],
       [-0.0875538 ,  0.08090451,  0.504     ]], dtype=float32), 
       array([[ 0.0354384,  0.101521 ,  0.468    ],
       [-0.0440976,  0.113235 ,  0.45     ],
       [-0.0698167,  0.118003 ,  0.461    ],
       [-0.0899769,  0.109547 ,  0.505    ],
       [-0.0839057,  0.075438 ,  0.483    ]], dtype=float32), 
       array([[ 0.0376834,  0.0978767,  0.47     ],
       [-0.0452824,  0.11314  ,  0.442    ],
       [-0.0737633,  0.119743 ,  0.46     ],
       [-0.089487 ,  0.108419 ,  0.49     ],
       [-0.0905114,  0.0793426,  0.508    ]], dtype=float32), 
       array([[ 0.0376834 ,  0.103994  ,  0.47      ],
       [-0.0416255 ,  0.111977  ,  0.445     ],
       [-0.0750461 ,  0.12588601,  0.468     ],
       [-0.0911083 ,  0.107756  ,  0.487     ],
       [-0.0898121 ,  0.0807483 ,  0.517     ]], dtype=float32), 
       array([[ 0.0379239,  0.0943973,  0.473    ],
       [-0.0444629,  0.109209 ,  0.434    ],
       [-0.0752065,  0.12412  ,  0.469    ],
       [-0.0882086,  0.100584 ,  0.483    ],
       [-0.0836162,  0.0707264,  0.494    ]], dtype=float32), 
       array([[ 0.0357591 ,  0.08900879,  0.446     ],
       [-0.0441555 ,  0.106584  ,  0.431     ],
       [-0.0710372 ,  0.113396  ,  0.443     ],
       [-0.0907342 ,  0.103105  ,  0.485     ],
       [-0.084124  ,  0.0733121 ,  0.497     ]], dtype=float32), 
       array([[ 0.0328549,  0.0860022,  0.461    ],
       [-0.0438482,  0.103985 ,  0.428    ],
       [-0.0732822,  0.113014 ,  0.457    ],
       [-0.0851663,  0.0953951,  0.478    ],
       [-0.0846318,  0.0694161,  0.5      ]], dtype=float32), 
       array([[ 0.032071  ,  0.0978767 ,  0.48      ],
       [-0.0439016 ,  0.110788  ,  0.448     ],
       [-0.074084  ,  0.11825901,  0.462     ],
       [-0.0916696 ,  0.09779   ,  0.49      ],
       [-0.0884224 ,  0.07066561,  0.509     ]], dtype=float32), 
       array([[ 0.0325699,  0.0872387,  0.457    ],
       [-0.0429217,  0.106415 ,  0.438    ],
       [-0.0718702,  0.110003 ,  0.461    ],
       [-0.0914825,  0.0975904,  0.489    ],
       [-0.0922932,  0.0719151,  0.518    ]], dtype=float32), 
       array([[ 0.0338527 ,  0.0947964 ,  0.475     ],
       [-0.0455408 ,  0.0979548 ,  0.426     ],
       [-0.07280561,  0.115487  ,  0.467     ],
       [-0.08498809,  0.0951955 ,  0.477     ],
       [-0.092115  ,  0.0717763 ,  0.517     ]], dtype=float32), 
       array([[ 0.0335676 ,  0.0899112 ,  0.471     ],
       [-0.0429217 ,  0.104515  ,  0.438     ],
       [-0.0689081 ,  0.107387  ,  0.442     ],
       [-0.08802591,  0.0941022 ,  0.482     ],
       [-0.0874825 ,  0.0639062 ,  0.491     ]], dtype=float32), 
       array([[ 0.0342091,  0.0895468,  0.48     ],
       [-0.0426277,  0.100024 ,  0.435    ],
       [-0.069211 ,  0.111031 ,  0.457    ],
       [-0.0800839,  0.0900023,  0.461    ],
       [-0.0889435,  0.0644182,  0.512    ]], dtype=float32), 
       array([[ 0.0328549,  0.0900023,  0.461    ],
       [-0.0409707,  0.102614 ,  0.438    ],
       [-0.0714025,  0.109287 ,  0.458    ],
       [-0.0848099,  0.0908657,  0.476    ],
       [-0.084801 ,  0.0652078,  0.501    ]], dtype=float32), 
       array([[ 0.0314028,  0.0815639,  0.47     ],
       [-0.0425297,  0.10356  ,  0.434    ],
       [-0.0689081,  0.105469 ,  0.442    ],
       [-0.0835627,  0.0915642,  0.469    ],
       [-0.0894647,  0.0647956,  0.515    ]], dtype=float32), 
       array([[ 0.0320042,  0.0872821,  0.479    ],
       [-0.0442936,  0.105894 ,  0.452    ],
       [-0.0747254,  0.111196 ,  0.466    ],
       [-0.0855226,  0.0874643,  0.48     ],
       [-0.0866629,  0.0644182,  0.512    ]], dtype=float32), 
       array([[ 0.0334964,  0.0856421,  0.47     ],
       [-0.0397547,  0.0921933,  0.425    ],
       [-0.0704671,  0.101972 ,  0.452    ],
       [-0.0818211,  0.0837809,  0.471    ],
       [-0.0859903,  0.0622793,  0.495    ]], dtype=float32), 
       array([[ 0.0354384 ,  0.0791864 ,  0.468     ],
       [-0.0437056 ,  0.100619  ,  0.446     ],
       [-0.07015529,  0.101521  ,  0.45      ],
       [-0.08729541,  0.0870999 ,  0.478     ],
       [-0.0863378 ,  0.0603747 ,  0.497     ]], dtype=float32), 
       array([[ 0.0372023 ,  0.0785096 ,  0.464     ],
       [-0.0443604 ,  0.09205011,  0.433     ],
       [-0.0714025 ,  0.101339  ,  0.458     ],
       [-0.0878433 ,  0.0876465 ,  0.481     ],
       [-0.084801  ,  0.0565134 ,  0.501     ]], dtype=float32), 
       array([[ 0.0373627,  0.0727828,  0.466    ],
       [-0.0407836,  0.0964711,  0.436    ],
       [-0.0739993,  0.107139 ,  0.449    ],
       [-0.0846318,  0.0844924,  0.475    ],
       [-0.0856429,  0.055611 ,  0.493    ]], dtype=float32), 
       array([[ 0.0386767,  0.0713771,  0.457    ],
       [-0.041719 ,  0.0967487,  0.446    ],
       [-0.0704671,  0.0960893,  0.452    ],
       [-0.0837409,  0.0815639,  0.47     ],
       [-0.0844625,  0.0562878,  0.499    ]], dtype=float32), 
       array([[ 0.0368015,  0.0736809,  0.459    ],
       [-0.0443916,  0.0982672,  0.453    ],
       [-0.0737633,  0.103777 ,  0.46     ],
       [-0.0878433,  0.0876465,  0.481    ],
       [-0.0822398,  0.0541229,  0.499    ]], dtype=float32), 
       array([[ 0.0373627 ,  0.078848  ,  0.466     ],
       [-0.0426544 ,  0.104853  ,  0.456     ],
       [-0.077692  ,  0.103552  ,  0.459     ],
       [-0.08729541,  0.0850261 ,  0.478     ],
       [-0.083732  ,  0.0564613 ,  0.482     ]], dtype=float32), 
       array([[ 0.0357591,  0.073529 ,  0.446    ],
       [-0.0414384,  0.0960979,  0.443    ],
       [-0.0793846,  0.109877 ,  0.469    ],
       [-0.0854692,  0.0852777,  0.468    ],
       [-0.0830371,  0.0518452,  0.478    ]], dtype=float32), 
       array([[ 0.0402669 ,  0.0784402 ,  0.452     ],
       [-0.0431221 ,  0.102003  ,  0.461     ],
       [-0.081781  ,  0.105543  ,  0.459     ],
       [-0.09097911,  0.0844924 ,  0.475     ],
       [-0.091046  ,  0.0576414 ,  0.511     ]], dtype=float32), 
       array([[ 0.0433092 ,  0.0763317 ,  0.463     ],
       [-0.0446188 ,  0.101404  ,  0.477     ],
       [-0.0808901 ,  0.102423  ,  0.454     ],
       [-0.0918566 ,  0.0830781 ,  0.491     ],
       [-0.08944239,  0.0544483 ,  0.502     ]], dtype=float32), 
       array([[ 0.040356 ,  0.0766484,  0.453    ],
       [-0.0436834,  0.097252 ,  0.467    ],
       [-0.0785383,  0.102666 ,  0.464    ],
       [-0.0914825,  0.0827397,  0.489    ],
       [-0.092409 ,  0.0570774,  0.506    ]], dtype=float32)]

ValueError: setting an array element with a sequence. The requested array has an inhomogeneous shape after 1 dimensions. The detected shape was (128,) + inhomogeneous part.
